%YAML:1.0
CamMat: !!opencv-matrix
   rows: 3
   cols: 3
   dt: d
   data: [ 2.3996761907759101e+003, 0., 6.3950000000000000e+002, 0.,
       2.3983458906234569e+003, 5.1150000000000000e+002, 0., 0., 1. ]
ProMat: !!opencv-matrix
   rows: 3
   cols: 3
   dt: d
   data: [ 2.1529590333575234e+003, 0., 7.1703200698634259e+002, 0.,
       2.1799525310134782e+003, 6.3203102295043959e+002, 0., 0., 1. ]
R: !!opencv-matrix
   rows: 3
   cols: 3
   dt: d
   data: [ 9.8971497787366847e-001, 1.5116492677618420e-002,
       -1.4225243133827761e-001, -2.1251842506920839e-002,
       9.9890371744979711e-001, -4.1709980280945733e-002,
       1.4146597386857698e-001, 4.4304118477895005e-002,
       9.8895122393539292e-001 ]
T: !!opencv-matrix
   rows: 3
   cols: 1
   dt: d
   data: [ 7.0626660606589660e+000, -1.6200237528888790e+000,
       9.0722461365418923e+000 ]
