%YAML:1.0
CamMat: !!opencv-matrix
   rows: 3
   cols: 3
   dt: d
   data: [ 2.4436068033811734e+003, 0., 6.3950000000000000e+002, 0.,
       2.4008186882464242e+003, 5.1150000000000000e+002, 0., 0., 1. ]
ProMat: !!opencv-matrix
   rows: 3
   cols: 3
   dt: d
   data: [ 5.8502292861300120e+003, 0., 5.5211019259673128e+002, 0.,
       3.8329361843176744e+003, 4.2979316654461491e+002, 0., 0., 1. ]
R: !!opencv-matrix
   rows: 3
   cols: 3
   dt: d
   data: [ 8.3392580896457991e-001, -8.3111802783464847e-002,
       -5.4558241667126084e-001, 3.1035097897750122e-002,
       9.9409309354402176e-001, -1.0399876954346102e-001,
       5.5100323759597636e-001, 6.9795054310167942e-002,
       8.3157927015564348e-001 ]
T: !!opencv-matrix
   rows: 3
   cols: 1
   dt: d
   data: [ 3.0463863025905084e+001, 7.0085201362327778e+000,
       6.7393437756484701e+001 ]
