%YAML:1.0
CamMat: !!opencv-matrix
   rows: 3
   cols: 3
   dt: d
   data: [ 1.2138714552009253e+003, 0., 3.1950000000000000e+002, 0.,
       1.2159945377703152e+003, 2.5550000000000000e+002, 0., 0., 1. ]
ProMat: !!opencv-matrix
   rows: 3
   cols: 3
   dt: d
   data: [ 2.0288057545415668e+003, 0., 6.1958898841564314e+002, 0.,
       2.0319614890033101e+003, 6.6520739361244557e+002, 0., 0., 1. ]
R: !!opencv-matrix
   rows: 3
   cols: 3
   dt: d
   data: [ 9.9143473372566937e-001, -1.2723342704854930e-002,
       1.2998186532253575e-001, 2.5847502916207063e-002,
       9.9467300669012182e-001, -9.9787355687128362e-002,
       -1.2801982407153850e-001, 1.0229235705783506e-001,
       9.8648223416959957e-001 ]
T: !!opencv-matrix
   rows: 3
   cols: 1
   dt: d
   data: [ -3.1747826732013134e+000, -9.2770189525198721e-001,
       3.9430125669975382e+000 ]
